3,2
3,1
3,3
10,205
10,5
10,112
10,68
10,82
10,189
10,315
10,1
10,145
10,2
10,3
11,11
11,20
11,30
11,21
11,13
11,14
11,1
11,7
11,2
11,3
9,5
9,1
9,7
9,2
9,3
8,4
8,7
8,10
8,17
8,1
8,8
8,2
8,3
0,392
12,2
12,1
12,3
76,3
76,2
76,1
76,0
75,3
75,2
75,1
75,0
74,3
74,2
74,1
74,0
73,3
73,2
73,1
73,0
72,3
72,2
72,1
72,0
71,3
71,2
71,1
71,0
70,3
70,2
70,1
70,0
69,3
20,2
69,2
20,1
69,1
69,0
68,3
20,3
68,2
68,1
68,0
67,3
67,2
67,1
67,0
66,3
19,2
19,1
66,2
66,1
66,0
65,3
19,3
65,2
65,1
65,0
64,3
64,2
64,1
64,0
63,3
63,2
63,1
63,0
62,3
62,2
62,1
62,0
61,3
61,2
